[gd_scene load_steps=7 format=3 uid="uid://do15j11nb3xw7"]

[ext_resource type="PackedScene" uid="uid://bbojl50wy2swq" path="res://Scenes/Godog.tscn" id="1_nr1js"]

[sub_resource type="Curve3D" id="Curve3D_rybcm"]
_data = {
"points": PackedVector3Array(0, 0, 0, 0, 0, 0, 1.54341, 0.152101, 0.191099, 0.383167, 0, -1.93632, -0.383167, 0, 1.93632, 1.37805, 0, 3.75516, 0.447001, 0, -1.22759, -0.447001, 0, 1.22759, -2.22425, -0.00945291, 7.57749, 0, 0, 0, 0, 0, 0, 0.81809, 0, 11.2091),
"tilts": PackedFloat32Array(0, 0, 0, 0)
}
point_count = 4

[sub_resource type="ProceduralSkyMaterial" id="ProceduralSkyMaterial_d50ci"]

[sub_resource type="Sky" id="Sky_dlx6n"]
sky_material = SubResource("ProceduralSkyMaterial_d50ci")

[sub_resource type="Environment" id="Environment_1x1rp"]
background_mode = 2
sky = SubResource("Sky_dlx6n")
tonemap_mode = 1
volumetric_fog_density = 0.0932

[sub_resource type="CameraAttributesPractical" id="CameraAttributesPractical_1g3do"]

[node name="Game" type="Node"]

[node name="Level" type="Node3D" parent="."]
transform = Transform3D(1, 0, 0, 0, 0.980591, -0.196066, 0, 0.196066, 0.980591, 0, 0, 0)

[node name="CSGCombiner3D" type="CSGCombiner3D" parent="Level"]
transform = Transform3D(1, 0, 0, 0, 1, 0, 0, 0, 1, 0, 0, 74.6546)
use_collision = true

[node name="CSGBox3D" type="CSGBox3D" parent="Level/CSGCombiner3D"]
transform = Transform3D(1, 0, 0, 0, 1, -5.96046e-08, 0, 5.96046e-08, 1, 0.0133286, -4.47533, 23.2496)
size = Vector3(80, 10, 200)

[node name="CSGPolygon3D_1" type="CSGPolygon3D" parent="Level/CSGCombiner3D"]
transform = Transform3D(4, 0, 0, 0, 4, 0, 0, 0, 4, 0, 0.260612, -79.3149)
operation = 2
polygon = PackedVector2Array(0.5, 0.5, 0.3, 0.66, 0, 0.7, -0.3, 0.66, -0.5, 0.5, -0.66, 0.3, -0.7, 0, -0.66, -0.3, -0.5, -0.5, -0.3, -0.66, 0, -0.7, 0.3, -0.66, 0.5, -0.5, 0.66, -0.3, 0.7, 0, 0.66, 0.3)
mode = 2
path_node = NodePath("Path3D")
path_interval_type = 0
path_interval = 1.0
path_simplify_angle = 0.0
path_rotation = 2
path_local = true
path_continuous_u = false
path_u_distance = 1.0
path_joined = false
smooth_faces = true

[node name="Path3D" type="Path3D" parent="Level/CSGCombiner3D/CSGPolygon3D_1"]
transform = Transform3D(1, 0, 0, 0, 1, -2.98023e-08, 0, 0, 1, 0, 0, 0)
curve = SubResource("Curve3D_rybcm")

[node name="Camera3D" type="Camera3D" parent="."]
transform = Transform3D(-0.99452, -0.0598982, 0.0856891, 0, 0.81961, 0.572922, -0.104549, 0.569782, -0.815118, 5.14035, 3.37512, -3.96275)

[node name="DirectionalLight3D" type="DirectionalLight3D" parent="."]
transform = Transform3D(0.925574, -0.353676, 0.135006, 0.325927, 0.925887, 0.191066, -0.192576, -0.132843, 0.972249, 0, 0, 0)

[node name="WorldEnvironment" type="WorldEnvironment" parent="."]
environment = SubResource("Environment_1x1rp")
camera_attributes = SubResource("CameraAttributesPractical_1g3do")

[node name="Godog" parent="." instance=ExtResource("1_nr1js")]
transform = Transform3D(1, 0, 0, 0, 1, 0, 0, 0, 1, 6.45409, -1.30037, -0.061142)
